NbStates = 4;
NbAction_L = 1;
NbAction_F = 4;
NbDiscreteP = 2;
CostTreatment =[[0.0,0.0,0.0,0.0],[0.0,0.0,0.0,0.0],[0.0,100.0,160.0,0.0],[0.0,100.0,160.0,0.0]];
BenefitFormulary =[[0.0,45.0,110.0,0.0]];
Probability =[0.00,1.00];
Beta =[0.65,0.30,0.04,0.01];
Gamma_L = 0.996000;
Gamma_F = 0.996000;
R_L=[[[-53.7,-42.5,-42.5,-42.5]],[[-58.3,-46.2,-46.2,-46.2]],[[-93.4,-294.0,-274.0,-74.0]],[[-102.7,-301.3,-281.3,-81.3]]];
R_F= [[[154.3,-299834.5,-299834.5,135.5]],[[147.6,-299840.3,-299840.3,129.7]],[[110.4,-80.1,-340.1,-299870.1]],[[94.9,-93.7,-353.7,-299883.7]]];
T = [[[0.98500,0.00900,0.00600,0.00000],[0.00000,0.98600,0.01400,0.00000],[0.00000,0.00000,0.98200,0.01800],[0.00000,0.00000,0.00000,1.00000]],[[0.99000,0.00600,0.00400,0.00000],[0.07800,0.91300,0.00900,0.00000],[0.00000,0.07800,0.91300,0.00900],[0.00000,0.00000,0.07800,0.92200]],[[0.99000,0.00600,0.00400,0.00000],[0.07800,0.91300,0.00900,0.00000],[0.00000,0.17900,0.81300,0.00800],[0.00000,0.00000,0.15800,0.84200]],[[0.99000,0.00600,0.00400,0.00000],[0.07800,0.91300,0.00900,0.00000],[0.00000,0.07800,0.91300,0.00900],[0.00000,0.00000,0.07800,0.92200]]];
Z = 10000000;
